THETA = 2.000000
NUM_BODIES = 5000
DT = 0.1
0, 7
1, 10
2, 8
3, 7
4, 7
5, 7
6, 7
7, 7
8, 7
9, 8
10, 8
11, 8
12, 8
13, 8
14, 8
15, 8
16, 8
17, 8
18, 7
19, 7
20, 8
21, 7
22, 8
23, 7
24, 7
25, 7
26, 8
27, 7
28, 7
29, 7
30, 7
31, 7
32, 7
33, 7
34, 7
35, 7
36, 7
37, 7
38, 7
39, 7
40, 8
41, 7
42, 7
43, 7
44, 7
45, 7
46, 7
47, 7
48, 7
49, 7
50, 7
51, 7
52, 7
53, 7
54, 7
55, 7
56, 7
57, 7
58, 7
59, 7
60, 7
61, 7
62, 7
63, 7
64, 7
65, 7
66, 7
67, 7
68, 6
69, 7
70, 7
71, 7
72, 7
73, 7
74, 6
75, 7
76, 7
77, 7
78, 7
79, 7
80, 7
81, 7
82, 6
83, 7
84, 7
85, 7
86, 7
87, 6
88, 7
89, 7
90, 6
91, 7
92, 7
93, 6
94, 6
95, 7
96, 7
97, 7
98, 7
99, 7
100, 6
101, 7
102, 7
103, 7
104, 7
105, 7
106, 7
107, 7
108, 7
109, 7
110, 7
111, 7
112, 7
113, 7
114, 6
115, 6
116, 6
117, 7
118, 7
119, 7
120, 7
121, 7
122, 7
123, 7
124, 7
125, 6
126, 7
127, 6
128, 7
129, 7
130, 6
131, 7
132, 7
133, 6
134, 6
135, 6
136, 6
137, 7
138, 6
139, 7
140, 7
141, 6
142, 7
143, 6
144, 6
145, 6
146, 7
147, 7
148, 6
149, 7
150, 7
151, 6
152, 6
153, 6
154, 6
155, 6
156, 6
157, 6
158, 6
159, 6
160, 6
161, 6
162, 6
163, 6
164, 6
165, 6
166, 6
167, 7
168, 6
169, 6
170, 6
171, 6
172, 6
173, 7
174, 6
175, 6
176, 6
177, 6
178, 6
179, 16
180, 6
181, 6
182, 6
183, 6
184, 6
185, 6
186, 6
187, 6
188, 6
189, 6
190, 6
191, 6
192, 6
193, 6
194, 6
195, 6
196, 6
197, 6
198, 6
199, 6
200, 6
201, 6
202, 6
203, 6
204, 6
205, 6
206, 6
207, 6
208, 6
209, 6
210, 6
211, 6
212, 6
213, 6
214, 6
215, 6
216, 6
217, 6
218, 6
219, 6
220, 6
221, 6
222, 6
223, 6
224, 6
225, 6
226, 6
227, 6
228, 6
229, 6
230, 6
231, 6
232, 6
233, 7
234, 6
235, 6
236, 6
237, 6
238, 6
239, 6
240, 6
241, 6
242, 6
243, 6
244, 6
245, 6
246, 6
247, 6
248, 6
249, 6
250, 6
251, 6
252, 6
253, 6
254, 6
255, 6
256, 6
257, 6
258, 6
259, 6
260, 7
261, 6
262, 6
263, 6
264, 6
265, 6
266, 6
267, 6
268, 6
269, 6
270, 6
271, 7
272, 6
273, 6
274, 6
275, 6
276, 6
277, 6
278, 6
279, 6
280, 6
281, 6
282, 6
283, 6
284, 6
285, 6
286, 6
287, 6
288, 6
289, 6
290, 6
291, 6
292, 6
293, 6
294, 6
295, 6
296, 6
297, 6
298, 6
299, 6
300, 6
301, 6
302, 6
303, 6
304, 6
305, 6
306, 6
307, 6
308, 6
309, 6
310, 6
311, 6
312, 6
313, 6
314, 6
315, 6
316, 6
317, 6
318, 6
319, 6
320, 6
321, 6
322, 6
323, 6
324, 6
325, 6
326, 6
327, 6
328, 6
329, 6
330, 6
331, 6
332, 6
333, 6
334, 6
335, 6
336, 6
337, 6
338, 6
339, 6
340, 6
341, 6
342, 6
343, 6
344, 6
345, 6
346, 6
347, 6
348, 6
349, 6
350, 6
351, 6
352, 6
353, 6
354, 6
355, 6
356, 6
357, 6
358, 6
359, 6
360, 6
361, 6
362, 6
363, 6
364, 6
365, 7
366, 7
367, 6
368, 6
369, 6
370, 6
371, 6
372, 6
373, 6
374, 6
375, 6
376, 6
377, 6
378, 6
379, 6
380, 6
381, 6
382, 6
383, 6
384, 6
385, 6
386, 6
387, 6
388, 6
389, 6
390, 6
391, 6
392, 6
393, 6
394, 6
395, 6
396, 6
397, 6
398, 6
399, 6
400, 6
401, 6
402, 6
403, 6
404, 6
405, 6
406, 6
407, 6
408, 6
409, 6
410, 6
411, 6
412, 6
413, 6
414, 6
415, 6
416, 6
417, 6
418, 6
419, 6
420, 6
421, 6
422, 6
423, 6
424, 6
425, 6
426, 6
427, 6
428, 6
429, 6
430, 6
431, 6
432, 6
433, 6
434, 6
435, 6
436, 6
437, 6
438, 6
439, 6
440, 6
441, 6
442, 6
443, 6
444, 6
445, 6
446, 6
447, 6
448, 6
449, 6
450, 6
451, 6
452, 6
453, 6
454, 6
455, 5
456, 6
457, 6
458, 6
459, 6
460, 6
461, 6
462, 6
463, 6
464, 6
465, 6
466, 6
467, 6
468, 6
469, 6
470, 6
471, 6
472, 6
473, 6
474, 6
475, 6
476, 6
477, 6
478, 6
479, 6
480, 6
481, 6
482, 6
483, 6
484, 6
485, 6
486, 6
487, 6
488, 6
489, 6
490, 6
491, 6
492, 6
493, 6
494, 6
495, 6
496, 6
497, 6
498, 6
499, 6
500, 6
501, 6
502, 6
503, 6
504, 6
505, 6
506, 6
507, 6
508, 6
509, 6
510, 6
511, 5
512, 6
513, 6
514, 6
515, 6
516, 6
517, 6
518, 6
519, 6
520, 6
521, 6
522, 6
523, 6
524, 6
525, 5
526, 6
527, 6
528, 6
529, 6
530, 6
531, 6
532, 6
533, 6
534, 6
535, 6
536, 6
537, 6
538, 6
539, 6
540, 5
541, 6
542, 6
543, 6
544, 6
545, 6
546, 6
547, 6
548, 6
549, 6
550, 6
551, 6
552, 6
553, 6
554, 5
555, 6
556, 6
557, 6
558, 6
559, 6
560, 6
561, 6
562, 6
563, 6
564, 6
565, 6
566, 6
567, 6
568, 5
569, 6
570, 6
571, 6
572, 6
573, 6
574, 6
575, 6
576, 6
577, 6
578, 6
579, 6
580, 6
581, 6
582, 16
583, 6
584, 6
585, 6
586, 6
587, 6
588, 6
589, 6
590, 6
591, 6
592, 6
593, 6
594, 6
595, 5
596, 6
597, 6
598, 6
599, 6
600, 6
601, 6
602, 6
603, 6
604, 6
605, 6
606, 6
607, 6
608, 6
609, 6
610, 6
611, 6
612, 5
613, 6
614, 6
615, 6
616, 5
617, 5
618, 6
619, 6
620, 6
621, 6
622, 6
623, 6
624, 6
625, 6
626, 6
627, 5
628, 6
629, 6
630, 5
631, 6
632, 6
633, 6
634, 6
635, 6
636, 6
637, 5
638, 6
639, 6
640, 6
641, 5
642, 6
643, 6
644, 6
645, 6
646, 6
647, 6
648, 5
649, 6
650, 6
651, 6
652, 6
653, 6
654, 6
655, 6
656, 5
657, 6
658, 6
659, 5
660, 6
661, 6
662, 5
663, 6
664, 6
665, 5
666, 5
667, 6
668, 6
669, 6
670, 6
671, 5
672, 6
673, 6
674, 6
675, 6
676, 6
677, 6
678, 6
679, 6
680, 6
681, 5
682, 5
683, 5
684, 5
685, 6
686, 5
687, 6
688, 6
689, 6
690, 6
691, 6
692, 6
693, 5
694, 6
695, 6
696, 6
697, 6
698, 6
699, 6
700, 5
701, 6
702, 6
703, 5
704, 5
705, 6
706, 6
707, 6
708, 6
709, 6
710, 6
711, 6
712, 6
713, 6
714, 6
715, 6
716, 5
717, 6
718, 6
719, 6
720, 6
721, 5
722, 5
723, 6
724, 6
725, 6
726, 6
727, 6
728, 5
729, 6
730, 5
731, 6
732, 6
733, 6
734, 5
735, 5
736, 5
737, 6
738, 6
739, 6
740, 6
741, 6
742, 6
743, 6
744, 6
745, 5
746, 6
747, 6
748, 6
749, 5
750, 5
751, 6
752, 6
753, 6
754, 6
755, 6
756, 5
757, 6
758, 6
759, 6
760, 5
761, 6
762, 6
763, 6
764, 6
765, 5
766, 6
767, 5
768, 5
769, 5
770, 5
771, 5
772, 6
773, 6
774, 6
775, 5
776, 6
777, 6
778, 6
779, 6
780, 5
781, 5
782, 5
783, 5
784, 6
785, 6
786, 6
787, 5
788, 6
789, 6
790, 6
791, 5
792, 6
793, 6
794, 6
795, 6
796, 5
797, 5
798, 5
799, 6
800, 6
801, 5
802, 5
803, 5
804, 5
805, 17
806, 6
807, 6
808, 6
809, 6
810, 5
811, 5
812, 6
813, 5
814, 6
815, 5
816, 5
817, 6
818, 6
819, 6
820, 6
821, 5
822, 6
823, 5
824, 5
